1833 -2250 2114 -1604 949 -537 -285 544 -1027 1200 -1096 1181 -700 
2087 -2516 2341 -1704 909 -457 -475 669 -1135 1228 -1016 1107 -550 
2304 -2684 2545 -1814 904 -495 -592 669 -1177 1223 -907 1080 -392 
1972 -2438 2277 -1728 1026 -565 -305 603 -1113 1299 -1195 1267 -764 
1839 -2492 2173 -1689 1092 -457 -148 655 -1018 1209 -1227 1091 -846 
1901 -2550 2156 -1574 893 -218 -363 783 -1013 1062 -966 777 -556 
1870 -2519 2160 -1623 979 -321 -273 736 -1029 1145 -1102 937 -703 
1815 -2451 2120 -1622 1020 -396 -178 638 -944 1083 -1065 920 -696 
2163 -2666 2395 -1701 865 -325 -542 753 -1113 1127 -881 883 -402 
2079 -2463 2338 -1713 923 -526 -448 600 -1107 1215 -997 1142 -538 
2193 -2576 2457 -1792 954 -562 -473 595 -1120 1215 -962 1133 -484 
2262 -2769 2404 -1607 710 -182 -601 694 -956 938 -740 846 -477 
2345 -2737 2584 -1834 907 -486 -604 675 -1169 1197 -867 1032 -347 
2069 -2501 2351 -1746 980 -542 -398 620 -1130 1271 -1098 1206 -642 
2209 -2703 2360 -1596 734 -238 -529 629 -922 953 -808 955 -599 
2101 -2537 2362 -1724 928 -476 -457 651 -1119 1212 -1002 1093 -538 
